0.000000000000000000e+00 9.309037701876086146e-01
5.172413793103448620e-01 8.771670651971124055e-01
1.034482758620689724e+00 7.900953529494721961e-01
1.551724137931034697e+00 7.131268458073977135e-01
2.068965517241379448e+00 6.758624195954621161e-01
2.586206896551724199e+00 5.029934902441351996e-01
3.103448275862069394e+00 4.682191982495637061e-01
3.620689655172414145e+00 4.086486708462703232e-01
4.137931034482758896e+00 4.880573504688791031e-01
4.655172413793104091e+00 4.103248196465520414e-01
5.172413793103448398e+00 2.926862774288142566e-01
5.689655172413793593e+00 2.420255890670796051e-01
6.206896551724138789e+00 3.267030485196097955e-01
6.724137931034483096e+00 2.430578260694020998e-01
7.241379310344828291e+00 1.907324369544989018e-01
7.758620689655172598e+00 2.694687780428837720e-01
8.275862068965517793e+00 1.780239211482748107e-01
8.793103448275862988e+00 2.425271864593382953e-01
9.310344827586208183e+00 1.852838249568511952e-01
9.827586206896551602e+00 1.403104133334631687e-01
1.034482758620689680e+01 8.082325242316767966e-02
1.086206896551724199e+01 2.382063544605743655e-01
1.137931034482758719e+01 7.976037742476277392e-02
1.189655172413793238e+01 1.423582706924662045e-01
1.241379310344827758e+01 1.561224149236387082e-01
1.293103448275862100e+01 3.652604861027257399e-02
1.344827586206896619e+01 8.100450740275802475e-02
1.396551724137931139e+01 1.014996730918685530e-01
1.448275862068965658e+01 0.000000000000000000e+00
1.500000000000000000e+01 2.839597804561909411e-03
