0.000000000000000000e+00 0.000000000000000000e+00 1.000000000000000000e+00
2.000000000000000042e-02 1.253332335643042583e-01 9.921147013144778759e-01
4.000000000000000083e-02 2.486898871648547948e-01 9.685831611286310761e-01
5.999999999999999778e-02 3.681245526846779192e-01 9.297764858882514583e-01
8.000000000000000167e-02 4.817536741017153235e-01 8.763066800438635839e-01
1.000000000000000056e-01 5.877852522924731371e-01 8.090169943749474513e-01
1.199999999999999956e-01 6.845471059286886151e-01 7.289686274214115524e-01
1.400000000000000133e-01 7.705132427757892533e-01 6.374239897486896345e-01
1.600000000000000033e-01 8.443279255020150753e-01 5.358267949789965456e-01
1.799999999999999933e-01 9.048270524660195768e-01 4.257792915650726595e-01
2.000000000000000111e-01 9.510565162951535312e-01 3.090169943749474513e-01
2.200000000000000011e-01 9.822872507286886101e-01 1.873813145857247398e-01
2.399999999999999911e-01 9.980267284282715590e-01 6.279051952931352654e-02
2.600000000000000089e-01 9.980267284282715590e-01 -6.279051952931340164e-02
2.800000000000000266e-01 9.822872507286886101e-01 -1.873813145857248230e-01
2.999999999999999889e-01 9.510565162951536422e-01 -3.090169943749473402e-01
3.200000000000000067e-01 9.048270524660194658e-01 -4.257792915650727150e-01
3.400000000000000244e-01 8.443279255020149643e-01 -5.358267949789968787e-01
3.599999999999999867e-01 7.705132427757892533e-01 -6.374239897486897455e-01
3.800000000000000044e-01 6.845471059286888371e-01 -7.289686274214113304e-01
4.000000000000000222e-01 5.877852522924732481e-01 -8.090169943749473402e-01
4.199999999999999845e-01 4.817536741017156010e-01 -8.763066800438633619e-01
4.400000000000000022e-01 3.681245526846781413e-01 -9.297764858882513472e-01
4.600000000000000200e-01 2.486898871648548226e-01 -9.685831611286310761e-01
4.799999999999999822e-01 1.253332335643045359e-01 -9.921147013144777649e-01
5.000000000000000000e-01 1.224646799147353207e-16 -1.000000000000000000e+00
5.200000000000000178e-01 -1.253332335643042861e-01 -9.921147013144778759e-01
5.400000000000000355e-01 -2.486898871648550169e-01 -9.685831611286310761e-01
5.600000000000000533e-01 -3.681245526846783078e-01 -9.297764858882512362e-01
5.799999999999999600e-01 -4.817536741017149904e-01 -8.763066800438636950e-01
5.999999999999999778e-01 -5.877852522924730261e-01 -8.090169943749475623e-01
6.199999999999999956e-01 -6.845471059286887261e-01 -7.289686274214115524e-01
6.400000000000000133e-01 -7.705132427757893643e-01 -6.374239897486895234e-01
6.600000000000000311e-01 -8.443279255020152974e-01 -5.358267949789963236e-01
6.800000000000000488e-01 -9.048270524660197989e-01 -4.257792915650721599e-01
7.000000000000000666e-01 -9.510565162951535312e-01 -3.090169943749475623e-01
7.199999999999999734e-01 -9.822872507286887211e-01 -1.873813145857246287e-01
7.399999999999999911e-01 -9.980267284282715590e-01 -6.279051952931320735e-02
7.600000000000000089e-01 -9.980267284282715590e-01 6.279051952931283265e-02
7.800000000000000266e-01 -9.822872507286887211e-01 1.873813145857242679e-01
8.000000000000000444e-01 -9.510565162951536422e-01 3.090169943749472292e-01
8.200000000000000622e-01 -9.048270524660195768e-01 4.257792915650726040e-01
8.399999999999999689e-01 -8.443279255020155194e-01 5.358267949789959905e-01
8.599999999999999867e-01 -7.705132427757895863e-01 6.374239897486893014e-01
8.800000000000000044e-01 -6.845471059286889481e-01 7.289686274214112194e-01
9.000000000000000222e-01 -5.877852522924733591e-01 8.090169943749473402e-01
9.200000000000000400e-01 -4.817536741017153235e-01 8.763066800438635839e-01
9.400000000000000577e-01 -3.681245526846778637e-01 9.297764858882514583e-01
9.599999999999999645e-01 -2.486898871648553500e-01 9.685831611286309650e-01
9.799999999999999822e-01 -1.253332335643046469e-01 9.921147013144777649e-01
1.000000000000000000e+00 -2.449293598294706414e-16 1.000000000000000000e+00
